

alpha_model = [
    [[3.0759746178880634, 1.524192972710018], [0.1710737096346325, 0.05858599362671589], [[0.1710737096346325, -0.09194074821174086], [-0.09194074821174086, 0.05858599362671589]], 0.0015694220806184945, [[37.329660612158406, 58.58255044781064], [58.58255044781064, 109.0042709015627]]],
    [[2.3897977606524483, 1.7090065784304753], [0.016091264031450496, 0.031829630663458924], [[0.016091264031450496, -0.0176571081317929], [-0.0176571081317929, 0.031829630663458924]], 0.0002004055234514436, [[158.82611474613861, 88.10689360101927], [88.10689360101928, 80.2935156392996]]],
    [[2.2205424129522324, 1.9658160332798653], [0.00590801320929317, 0.006161260317655886], [[0.00590801320929317, -0.004488120199782573], [-0.004488120199782573, 0.006161260317655886]], 1.6257584414908445e-05, [[378.97759964917793, 276.0631644432307], [276.0631644432307, 363.400432592891]]],
    [[3.1148671471045266, 1.5292192814485237], [0.00755999614351577, 0.0036264140522895743], [[0.00755999614351577, -0.0036554535077249935], [-0.0036554535077249935, 0.0036264140522895743]], 1.4053335902961617e-05, [[258.0464935393267, 260.11286807388115], [260.11286807388115, 537.950291355561]]],
    [[3.1655110491360277, 1.4450296990721374], [0.03894619433119191, 0.014366656565908237], [[0.03894619433119191, -0.014795533028918976], [-0.014795533028918976, 0.014366656565908237]], 0.00034061880089552394, [[42.17810798504583, 43.437217763728555], [43.437217763728555, 114.33953213621241]]],
    [[2.6363111412294886, 1.2493656768010866], [0.01156030973829257, 0.009896235252430146], [[0.01156030973829257, -0.006401666371573423], [-0.006401666371573423, 0.009896235252430146]], 7.342221242816835e-05, [[134.78530440787233, 87.18977758721726], [87.18977758721726, 157.44976017444907]]],
    [[3.7452082294241946, 1.200623102035839], [0.02832031664553593, 0.007623019393693659], [[0.02832031664553593, -0.011453002476837107], [-0.011453002476837107, 0.007623019393693659]], 8.471505729002887e-05, [[89.98423229055534, 135.19441340429987], [135.19441340429987, 334.3008616352467]]]
]

theta_model = [
    [[3.0108107550052323, 1.1677215186743657, 1.8486043475471179], [3.3948038200432804, 0.2925491264239756, 0.40421368689314974], [[3.3948038200432804, -0.26014431430365015, 0.9091244333855433], [-0.26014431430365015, 0.2925491264239756, 0.09672736286680482], [0.9091244333855433, 0.09672736286680482, 0.40421368689314974]], 0.05477927516897631, [[1.9879083453756807, 3.5248933245740663, -5.314539693834693], [3.5248933245740663, 9.96214227582771, -10.311819051279246], [-5.314539693834693, -10.311819051279246, 16.894561397812218]]],
    [[2.3897977606524483, 1.7090065784304755, 2.0943951023932006], [0.016091264031450492, 0.031829630663458924, 2.798621653289892e-29], [[0.016091264031450492, -0.017657108131792897, -3.832940625310714e-18], [-0.017657108131792897, 0.031829630663458924, 3.5711232104856884e-18], [-3.832940625310714e-18, 3.5711232104856884e-18, 2.798621653289892e-29]], 5.6084029177442824e-33, [[158.82920611328893, 88.10742931013971, 10510189200674.309], [88.10742931013972, 80.29360847339134, 1821331449416.4817], [10510189200674.309, 1821331449416.4814, 3.5733082374910316e+28]]],
    [[2.2205424129522324, 1.9658160332798653, 2.0943951023931953], [0.005908013209293168, 0.006161260317655882, 4.415266260565365e-32], [[0.005908013209293168, -0.004488120199782572, -2.6833267094216963e-18], [-0.004488120199782572, 0.006161260317655882, 7.436306879496547e-19], [-2.6833267094216963e-18, 7.436306879496547e-19, 4.415266260565365e-32]], 6.880972473690409e-37, [[394.54170536072627, 285.0862339265978, 1.9176316302314996e+16], [285.08623392659774, 368.6314291185227, 1.1117197328107624e+16], [1.917631630231499e+16, 1.1117197328107622e+16, 2.3626870296414914e+31]]],
    [[1.6704031262034176, 1.4721262507483959, 1.5707417473531997], [0.002685227051467859, 0.0025444265928565, 1.7145147662868318e-05], [[0.002685227051467859, -0.0018059967380418503, 3.2916193408203034e-06], [-0.0018059967380418503, 0.0025444265928565, 3.1629750165570015e-05], [3.2916193408203034e-06, 3.1629750165570015e-05, 1.7145147662868318e-05]], 5.813081013475505e-11, [[733.2450460867269, 534.4531372908115, -1126.7434473493097], [534.4531372908116, 791.7966297246072, -1563.331292949277], [-1126.74344734931, -1563.331292949277, 61425.92700010911]]],
    [[1.7797023133256025, 1.3655040277790593, 1.5679596742860213], [0.013834299580531758, 0.013004545664477707, 0.0008851120664490852], [[0.013834299580531758, -0.007927060247071556, 0.00010984351165119477], [-0.007927060247071556, 0.013004545664477707, 0.0016560815913566709], [0.00010984351165119477, 0.0016560815913566709, 0.0008851120664490852]], 6.263754495910445e-08, [[139.97793264106036, 114.9190393465627, -232.38975156942564], [114.91903934656271, 195.29564737147714, -379.6678975008935], [-232.38975156942567, -379.6678975008935, 1869.0147665720654]]],
    [[1.4294499557282863, 1.1163879274884563, 1.2566370614359208], [0.009689792700582886, 0.004412676996105984, 1.236562670725266e-29], [[0.009689792700582886, -0.003922012353828909, 2.917493341551345e-19], [-0.003922012353828909, 0.004412676996105984, -3.2845627816220846e-19], [2.917493341551345e-19, -3.2845627816220846e-19, 1.236562670725266e-29]], 3.3851756732189623e-34, [[161.18929679686224, 143.26596183903325, 2404617271.9659524], [143.26596183903328, 353.9558529748577, 6021633588902.202], [2404617271.965341, 6021633588902.202, 8.086949418870073e+28]]],
    [[1.4864388164677502, 1.073153038577726, 1.2552158647592995], [0.012819898027858979, 0.007351850561723212, 0.00043099274977426795], [[0.012819898027858979, -0.004169100323239163, 0.00032461166370323716], [-0.004169100323239163, 0.007351850561723212, 0.0007039767603944583], [0.00032461166370323716, 0.0007039767603944583, 0.00043099274977426795]], 2.409634985831327e-08, [[110.93012120376858, 84.05302428404681, -220.84034356830324], [84.05302428404681, 224.92661347090245, -430.6979660959443], [-220.84034356830327, -430.69796609594437, 3190.0506700850615]]]
]

gamma_model = [
    [[0.28921027641770847, 0.3001167724680442], [0.0030064591699227655, 0.0029549839950195967], [[0.0030064591699227655, 0.0024666709809212555], [0.0024666709809212555, 0.0029549839950195967]], 2.7995730006826473e-06, [[1055.512392175184, -881.088287506625], [-881.0882875066251, 1073.8991871937876]]],
    [[0.33854451494646565, 0.3478016484616593], [0.0007646360002685929, 0.0015443487367273613], [[0.0007646360002685929, 0.0009148891298400011], [0.0009148891298400011, 0.0015443487367273613]], 3.43842521171669e-07, [[4491.441987642705, -2660.7794949922063], [-2660.779494992206, 2223.7970965982863]]],
    [[0.5781645497353712, 0.729202402866904], [0.004498333177849189, 0.010051781699462168], [[0.004498333177849189, 0.006032050603009293], [0.006032050603009293, 0.010051781699462168]], 8.830628637923196e-06, [[1138.286084899406, -683.082807616279], [-683.082807616279, 509.4012399673412]]],
    [[0.3067445711377703, 0.3026001355672045], [0.0005530398610641059, 0.0014025577933796875], [[0.0005530398610641059, 0.0007839571577929669], [0.0007839571577929669, 0.0014025577933796875]], 1.6108154193025448e-07, [[8707.129175526332, -4866.834203340359], [-4866.834203340358, 3433.291328335821]]],
    [[0.3234658794343048, 0.3182461961499876], [0.0056529897042064845, 0.013415260266730558], [[0.0056529897042064845, 0.008273363197586056], [0.008273363197586056, 0.013415260266730558]], 7.387789567906799e-06, [[1815.8692993920129, -1119.8699044604973], [-1119.8699044604973, 765.1801194722108]]],
    [[0.25567195982520324, 0.2214436391177943], [0.0008215178902295577, 0.0023720277517569792], [[0.0008215178902295577, 0.001147338858966288], [0.001147338858966288, 0.0023720277517569792]], 6.322767768952906e-07, [[3751.565514400985, -1814.614897925145], [-1814.614897925145, 1299.301066003894]]],
    [[0.2683739415732606, 0.2593745067837381], [0.0015082305051061094, 0.011598945552838098], [[0.0015082305051061094, 0.003654755924574137], [0.003654755924574137, 0.011598945552838098]], 4.136642641645511e-06, [[2803.9515514504683, -883.5077721677002], [-883.5077721677003, 364.6025619718873]]]
]

composite_model = [
    [[3.0759746178880634, 1.524192972710018, 3.0108107550052323, 1.1677215186743657, 1.8486043475471179, 0.28921027641770847, 0.3001167724680442], [0.1710737096346325, 0.05858599362671589, 3.3948038200432804, 0.2925491264239756, 0.40421368689314974, 0.0030064591699227655, 0.0029549839950195967], [[0.1710737096346325, -0.09194074821174086, 0.1660413019259047, -0.1185311125224173, -0.01699021625926757, -0.011015017873692972, -0.008626553884519866], [-0.09194074821174086, 0.05858599362671589, -0.09476388898565515, 0.06858409208381372, 0.008814421592897847, 0.006429685328327093, 0.004742083875862661], [0.1660413019259047, -0.09476388898565515, 3.3948038200432804, -0.26014431430365015, 0.9091244333855433, -0.036431906862302466, -0.01930662648671573], [-0.1185311125224173, 0.06858409208381372, -0.26014431430365015, 0.2925491264239756, 0.09672736286680482, 0.011099465405363582, 0.008070753611497526], [-0.01699021625926757, 0.008814421592897847, 0.9091244333855433, 0.09672736286680482, 0.40421368689314974, -0.0060811660416617095, -0.0018565366287318003], [-0.011015017873692972, 0.006429685328327093, -0.036431906862302466, 0.011099465405363582, -0.0060811660416617095, 0.0030064591699227655, 0.0024666709809212555], [-0.008626553884519866, 0.004742083875862661, -0.01930662648671573, 0.008070753611497526, -0.0018565366287318003, 0.0024666709809212555, 0.0029549839950195967]], 1.0675082649592884e-10, [[38.89320732602963, 57.76437840806681, -0.47813665508032394, 0.9817458369762486, 1.2561886175158947, -2.865127518839809, 18.21860081211731], [57.76437840806682, 113.0671497087316, -0.936647166752495, -3.679843291933129, 2.304489759576697, -54.50101039700127, 38.05897344119392], [-0.47813665508032405, -0.936647166752495, 1.9967915860596475, 3.529600013917394, -5.315931996737077, 1.658215072036227, -1.2107437468757998], [0.9817458369762461, -3.679843291933131, 3.5296000139173938, 11.887985067677734, -10.893458246490741, -17.604515463384395, 7.214699915887361], [1.2561886175158956, 2.304489759576699, -5.315931996737076, -10.893458246490741, 17.265728207838027, 17.795174033279665, -9.017369817144285], [-2.8651275188397896, -54.50101039700124, 1.6582150720362336, -17.604515463384384, 17.79517403327965, 1387.872672398097, -1009.3318364355566], [18.2186008121173, 38.05897344119393, -1.2107437468758033, 7.21469991588736, -9.01736981714428, -1009.3318364355567, 1139.779414709724]]],
    [[2.3897977606524483, 1.7090065784304753, 2.3897977606524483, 1.7090065784304755, 2.0943951023932006, 0.33854451494646565, 0.3478016484616593], [0.016091264031450496, 0.031829630663458924, 0.016091264031450492, 0.031829630663458924, 2.798621653289892e-29, 0.0007646360002685929, 0.0015443487367273613], [[0.016091264031450496, -0.0176571081317929, 0.01596748507736241, -0.017657108131792897, -3.832940625310714e-18, 0.00034852269498489145, 0.0007388564622077279], [-0.0176571081317929, 0.031829630663458924, -0.0176571081317929, 0.031584787350663085, 3.57112321048477e-18, -0.0007833411983936845, -0.0009227861166415369], [0.01596748507736241, -0.0176571081317929, 0.016091264031450492, -0.017657108131792897, -3.832940625310714e-18, 0.00034852269498489156, 0.0007388564622077281], [-0.017657108131792897, 0.031584787350663085, -0.017657108131792897, 0.031829630663458924, 3.5711232104856884e-18, -0.0007833411983936848, -0.0009227861166415363], [-3.832940625310714e-18, 3.57112321048477e-18, -3.832940625310714e-18, 3.5711232104856884e-18, 2.798621653289892e-29, 1.4747885049446577e-19, -9.977163704125732e-20], [0.00034852269498489145, -0.0007833411983936845, 0.00034852269498489156, -0.0007833411983936848, 1.4747885049446577e-19, 0.0007646360002685929, 0.0009148891298400011], [0.0007388564622077279, -0.0009227861166415369, 0.0007388564622077281, -0.0009227861166415363, -9.977163704125732e-20, 0.0009148891298400011, 0.0015443487367273613]], 2.1428055539304098e-46, [[4081.518412704299, 23.558539441065445, -3997.3994240742218, 23.55853944107993, 4846993825643.812, 83.77610666464467, -61.72066940776927], [23.558539441072853, 2063.4076875306014, 23.558539441073528, -2020.8370017815455, 557891653638.5671, 64.12560779510889, -35.09368382461285], [-3997.3994240742204, 23.558539441079798, 4081.5184127043026, 23.558539441066408, 4846993825643.862, 83.7761066646513, -61.72066940777494], [23.558539441071794, -2020.8370017815464, 23.55853944107246, 2063.407687530601, 557891653504.3396, 64.1256077951203, -35.09368382462097], [4846993825600.905, 557891653616.1669, 4846993825567.801, 557891653417.536, 3.5733262016528834e+28, -28086424859503.887, 14976082940393.012], [83.77610666464658, 64.12560779510824, 83.77610666464969, 64.12560779512098, -28086424858568.3, 4694.9147355516625, -2784.8488825203717], [-61.72066940777028, -35.093683824612384, -61.72066940777362, -35.09368382462135, 14976082941403.984, -2784.8488825203717, 2314.4169982517255]]],
    [[2.2205424129522324, 1.9658160332798653, 2.2205424129522324, 1.9658160332798653, 2.0943951023931953, 0.5781645497353712, 0.729202402866904], [0.00590801320929317, 0.006161260317655886, 0.005908013209293168, 0.006161260317655882, 4.415266260565365e-32, 0.004498333177849189, 0.010051781699462168], [[0.00590801320929317, -0.004488120199782573, 0.005821130662097681, -0.004488120199782572, -2.6833267094217048e-18, -0.0004713328624893095, -0.0013779509659595725], [-0.004488120199782573, 0.006161260317655886, -0.004488120199782574, 0.006070653548278592, 7.436306879496621e-19, -0.0002314345266233678, 0.0009557297775644305], [0.005821130662097681, -0.004488120199782574, 0.005908013209293168, -0.004488120199782572, -2.6833267094216963e-18, -0.0004713328624893098, -0.001377950965959574], [-0.004488120199782572, 0.006070653548278592, -0.004488120199782572, 0.006161260317655882, 7.436306879496547e-19, -0.0002314345266233674, 0.0009557297775644296], [-2.6833267094217048e-18, 7.436306879496621e-19, -2.6833267094216963e-18, 7.436306879496547e-19, 4.415266260565365e-32, 1.6110124689730795e-18, 2.5235896680141485e-18], [-0.0004713328624893095, -0.0002314345266233678, -0.0004713328624893098, -0.0002314345266233674, 1.6110124689730795e-18, 0.004498333177849189, 0.006032050603009293], [-0.0013779509659595725, 0.0009557297775644305, -0.001377950965959574, 0.0009557297775644296, 2.5235896680141485e-18, 0.006032050603009293, 0.010051781699462168]], 1.5156213781470688e-49, [[5860.251068614698, 79.80206121639229, -5649.540394450693, 79.80206121644521, 9336829180228034.0, 59.931811306813294, -24.598970312496157], [79.80206121639026, 5626.151473261086, 79.80206121644666, -5410.551489140603, 5783149351682006.0, 132.31559557689258, -79.47420249598825], [-5649.540394450692, 79.80206121644545, 5860.2510686147025, 79.80206121639503, 9336829180225910.0, 59.931811306807376, -24.59897031249002], [79.80206121644693, -5410.551489140602, 79.80206121639368, 5626.15147326109, 5783149351683910.0, 132.31559557688522, -79.47420249598345], [9336829180228026.0, 5783149351682078.0, 9336829180225950.0, 5783149351683944.0, 2.3846575021463685e+31, 417486796440398.8, -4777276682967916.0], [59.93181130681374, 132.3155955768932, 59.93181130680677, 132.31559557688448, 417486796440140.5, 1332.202820400685, -808.2863664681001], [-24.59897031249674, -79.47420249598879, -24.59897031248991, -79.47420249598318, -4777276682968519.0, -808.2863664681, 594.1035831086325]]],
    [[3.1148671471045266, 1.5292192814485237, 1.6704031262034176, 1.4721262507483959, 1.5707417473531997, 0.3067445711377703, 0.3026001355672045], [0.00755999614351577, 0.0036264140522895743, 0.002685227051467859, 0.0025444265928565, 1.7145147662868318e-05, 0.0005530398610641059, 0.0014025577933796875], [[0.00755999614351577, -0.0036554535077249935, -0.0006692813329972935, 0.000799619722077147, -1.1954189468184646e-05, -4.0520845600745e-05, -4.232161870458337e-05], [-0.0036554535077249935, 0.0036264140522895743, -0.0010420718820010396, 0.0006077579899637429, 1.0371138477151762e-05, 2.586394153803956e-05, 1.9830513147986805e-05], [-0.0006692813329972935, -0.0010420718820010396, 0.002685227051467859, -0.0018059967380418503, 3.2916193408203034e-06, 1.328050070337867e-05, 2.7275327640503093e-05], [0.000799619722077147, 0.0006077579899637429, -0.0018059967380418503, 0.0025444265928565, 3.1629750165570015e-05, -2.293726570688577e-05, -3.736769516375364e-05], [-1.1954189468184646e-05, 1.0371138477151762e-05, 3.2916193408203034e-06, 3.1629750165570015e-05, 1.7145147662868318e-05, 9.101755612777442e-07, 1.133464912790085e-06], [-4.0520845600745e-05, 2.586394153803956e-05, 1.328050070337867e-05, -2.293726570688577e-05, 9.101755612777442e-07, 0.0005530398610641059, 0.0007839571577929669], [-4.232161870458337e-05, 1.9830513147986805e-05, 2.7275327640503093e-05, -3.736769516375364e-05, 1.133464912790085e-06, 0.0007839571577929669, 0.0014025577933796875]], 7.767731095404998e-23, [[385.65319542169686, 466.334439879535, 229.54593181355045, -70.58508013467575, 73.0556722675896, -0.8885505733185706, -0.8633843637582328], [466.3344398795352, 876.2684571491425, 418.3249244312233, -56.85250178114879, -179.21619411741682, -37.71188101929386, 13.256076346612813], [229.54593181355037, 418.32492443122317, 933.3708566592934, 505.3739136371815, -1204.4637820514415, 7.768802407659859, -7.04382447236703], [-70.58508013467578, -56.85250178114883, 505.3739136371815, 807.6007615169586, -1602.8844385291184, 23.878443592128956, -1.688903003154518], [73.05567226758976, -179.21619411741653, -1204.4637820514413, -1602.8844385291186, 61680.064788404976, -164.00107940719448, 27.278349324315467], [-0.8885505733185883, -37.71188101929389, 7.768802407659847, 23.878443592128935, -164.00107940719425, 8712.806088882606, -4868.883274387771], [-0.8633843637582234, 13.256076346612831, -7.043824472367017, -1.688903003154507, 27.278349324315332, -4868.88327438777, 3434.2931141138206]]],
    [[3.1655110491360277, 1.4450296990721374, 1.7797023133256025, 1.3655040277790593, 1.5679596742860213, 0.3234658794343048, 0.3182461961499876], [0.03894619433119191, 0.014366656565908237, 0.013834299580531758, 0.013004545664477707, 0.0008851120664490852, 0.0056529897042064845, 0.013415260266730558], [[0.03894619433119191, -0.014795533028918976, 0.0009749694567822211, 0.0006180838199146251, 0.00048586483496951326, 0.0008813097422285279, 0.0010446000811821672], [-0.014795533028918976, 0.014366656565908237, -0.00622827712974674, 0.005386055523441782, 0.00041836103131628953, -0.0003071548757603043, -0.0003866218939681141], [0.0009749694567822211, -0.00622827712974674, 0.013834299580531758, -0.007927060247071556, 0.00010984351165119477, -0.0009046357998722719, -0.0014782483566576775], [0.0006180838199146251, 0.005386055523441782, -0.007927060247071556, 0.013004545664477707, 0.0016560815913566709, 0.00033151662293389545, 0.0004404642864430643], [0.00048586483496951326, 0.00041836103131628953, 0.00010984351165119477, 0.0016560815913566709, 0.0008851120664490852, 6.548622289788352e-05, 8.931646470135251e-05], [0.0008813097422285279, -0.0003071548757603043, -0.0009046357998722719, 0.00033151662293389545, 6.548622289788352e-05, 0.0056529897042064845, 0.008273363197586056], [0.0010446000811821672, -0.0003866218939681141, -0.0014782483566576775, 0.0004404642864430643, 8.931646470135251e-05, 0.008273363197586056, 0.013415260266730558]], 9.711116519526694e-17, [[51.74526322227065, 67.96146492981681, 19.09346389899998, -14.358653081001325, -35.967804226790356, -11.799714980549426, 8.021274450112317], [67.96146492981681, 179.61564686427013, 57.85104644392619, -34.18147858481498, -66.18704167353314, -2.616046320314458, 9.435509718735926], [19.093463898999982, 57.8510464439262, 161.3457607383462, 105.73165108269333, -257.19747295563553, -9.694765268126245, 22.17920591170057], [-14.35865308100133, -34.181478584814975, 105.73165108269336, 203.06547240025355, -369.62099637448273, -14.527413108683215, 16.536548264957094], [-35.967804226790335, -66.18704167353313, -257.19747295563553, -369.6209963744828, 1906.977270287028, 14.666299787164295, -37.05320393134188], [-11.79971498054941, -2.616046320314452, -9.694765268126233, -14.52741310868324, 14.666299787164313, 1822.0489816656723, -1123.5265312199522], [8.021274450112307, 9.435509718735904, 22.179205911700528, 16.536548264957105, -37.05320393134189, -1123.5265312199522, 769.2302554975374]]],
    [[2.6363111412294886, 1.2493656768010866, 1.4294499557282863, 1.1163879274884563, 1.2566370614359208, 0.25567195982520324, 0.2214436391177943], [0.01156030973829257, 0.009896235252430146, 0.009689792700582886, 0.004412676996105984, 1.236562670725266e-29, 0.0008215178902295577, 0.0023720277517569792], [[0.01156030973829257, -0.006401666371573423, 0.006140428044189915, -0.0026732364310402598, -1.6063773369857152e-19, 7.988910964859971e-05, 0.0002147861855930641], [-0.006401666371573423, 0.009896235252430146, -0.002319651221822322, 0.00036752319209532963, 1.0948140308624457e-19, 0.0004126284378427773, 0.0003178439996880259], [0.006140428044189915, -0.002319651221822322, 0.009689792700582886, -0.003922012353828909, 2.917493341551345e-19, 0.00021931496490063432, 0.0004841670499351243], [-0.0026732364310402598, 0.00036752319209532963, -0.003922012353828909, 0.004412676996105984, -3.2845627816220846e-19, -0.00013390341765183954, -0.00025164395454776767], [-1.6063773369857152e-19, 1.0948140308624457e-19, 2.917493341551345e-19, -3.2845627816220846e-19, 1.236562670725266e-29, -1.6242617512889452e-19, -2.7486725184576863e-19], [7.988910964859971e-05, 0.0004126284378427773, 0.00021931496490063432, -0.00013390341765183954, -1.6242617512889452e-19, 0.0008215178902295577, 0.001147338858966288], [0.0002147861855930641, 0.0003178439996880259, 0.0004841670499351243, -0.00025164395454776767, -2.7486725184576863e-19, 0.001147338858966288, 0.0023720277517569792]], 9.272320277298539e-45, [[203.41258147048194, 112.70089723710294, -87.1112867274449, 35.47413606777358, 4151009713339.6064, -94.38213609105175, 33.67632753038334], [112.70089723710294, 174.65348008915947, -11.807671228324855, 41.26744784510158, 319095814770.86096, -158.25447526875539, 49.72708658926731], [-87.11128672744486, -11.807671228324851, 211.15496153303235, 134.8437265297211, -2805413182576.087, 21.570529454744968, -29.758440002249138], [35.47413606777359, 41.2674478451016, 134.84372652972107, 364.62643834972295, 6622727167389.827, -12.693647911662524, 8.55762350018657], [4151009713396.6685, 319095814927.87213, -2805413182623.9917, 6622727167375.337, 8.086987665955086e+28, 9152163881417.586, 5800818780112.621], [-94.38213609105158, -158.25447526875533, 21.570529454744886, -12.693647911662374, 9152163883514.627, 3897.394124815726, -1861.148131252071], [33.67632753038342, 49.72708658926734, -29.758440002249184, 8.55762350018672, 5800818781800.67, -1861.1481312520707, 1319.0790157121019]]],
    [[3.7452082294241946, 1.200623102035839, 1.4864388164677502, 1.073153038577726, 1.2552158647592995, 0.2683739415732606, 0.2593745067837381], [0.02832031664553593, 0.007623019393693659, 0.012819898027858979, 0.007351850561723212, 0.00043099274977426795, 0.0015082305051061094, 0.011598945552838098], [[0.02832031664553593, -0.011453002476837107, 0.0021443411015369873, 0.004965990678678639, 0.0003962735508883908, -0.0013568058871114923, -0.004849764122646886], [-0.011453002476837107, 0.007623019393693659, -0.002588532608461987, -0.0009178985895412186, -7.55307120672626e-05, 0.00036216904548687216, 0.0015659610575041354], [0.0021443411015369873, -0.002588532608461987, 0.012819898027858979, -0.004169100323239163, 0.00032461166370323716, 0.0007321854047494911, 0.0017837916713632721], [0.004965990678678639, -0.0009178985895412186, -0.004169100323239163, 0.007351850561723212, 0.0007039767603944583, -0.0005349426764869312, -0.001391772454086625], [0.0003962735508883908, -7.55307120672626e-05, 0.00032461166370323716, 0.0007039767603944583, 0.00043099274977426795, 1.0781529379257694e-05, 5.796629248894056e-05], [-0.0013568058871114923, 0.00036216904548687216, 0.0007321854047494911, -0.0005349426764869312, 1.0781529379257694e-05, 0.0015082305051061094, 0.003654755924574137], [-0.004849764122646886, 0.0015659610575041354, 0.0017837916713632721, -0.001391772454086625, 5.796629248894056e-05, 0.003654755924574137, 0.011598945552838098]], 5.2470534708506936e-18, [[112.09259851403147, 152.85570982779097, -11.791649179469399, -62.63747760198631, 32.03474327778395, -8.226226565378614, 22.96081287070916], [152.85570982779092, 370.737142006993, 41.335023076247374, -26.02518500337599, -64.22044508439973, 34.9141882021286, -6.300590836899471], [-11.7916491794694, 41.33502307624738, 133.34382192849046, 110.3446724551719, -260.68368877174447, -18.37265724911947, -10.685474084252617], [-62.63747760198634, -26.02518500337601, 110.34467245517192, 284.88264509506456, -494.39898816097286, 34.508773064630354, -13.86551223237666], [32.034743277784024, -64.22044508439967, -260.6836887717445, -494.39898816097303, 3285.584833636852, 20.625538763813946, -20.08737051414893], [-8.22622656537872, 34.91418820212849, -18.372657249119435, 34.508773064630425, 20.625538763813825, 2839.277938212978, -895.9289936876619], [22.960812870709198, -6.300590836899413, -10.685474084252604, -13.865512232376693, -20.087370514148876, -895.9289936876619, 379.04740531028455]]]
]


