GUI: Welcome to AutomAl 6000 by Haakon Tvedt
GUI: GUI version: 0.0.2
GUI: core version: 0.1.0
GUI: Build version: Alpha 1.0
------------------------
GUI_elements: General:
    Number of attributes (k): 6
    Number of data points (n): 5732
    Number of categories: 7
    Category key: advanced_species
    Categories:
        Al_1
        Al_2
        Cu_1
        Mg_1
        Mg_2
        Si_1
        Si_2
    Attributes:
        normalized_peak_gamma ()
        normalized_avg_gamma ()
        alpha_min (radians)
        alpha_max (radians)
        theta_min (radians)
        theta_max (radians)
Uncategorized data:
    Attribute normalized_peak_gamma:
        Mean: 0.29767397232170645
        Variance: 0.00865299960093211
    Attribute normalized_avg_gamma:
        Mean: 0.2966176374964591
        Variance: 0.0031458844836271004
    Attribute alpha_min:
        Mean: 1.5279852364661652
        Variance: 0.02389620234474192
    Attribute alpha_max:
        Mean: 3.0661103999679487
        Variance: 0.09085314322242835
    Attribute theta_min:
        Mean: 1.4517297914273284
        Variance: 0.03613449191695552
    Attribute theta_max:
        Mean: 1.737757112096404
        Variance: 0.10033547785762285
    Covariance matrix:
        [1.0000000000000042, 0.9210591105007594, 0.36917314308752724, -0.2639292453280069, 0.3324738543672584, 0.1681661939491108]
        [0.9210591105007594, 1.0000000000000024, 0.3979804068742926, -0.2856031136632945, 0.34729810493341007, 0.16425938159957257]
        [0.36917314308752724, 0.3979804068742926, 1.0000000000000007, -0.7906995221746738, 0.7603221366613828, 0.4206574258545418]
        [-0.2639292453280069, -0.2856031136632945, -0.7906995221746738, 1.0, -0.6090290798290157, -0.4527084689929111]
        [0.3324738543672584, 0.34729810493341007, 0.7603221366613828, -0.6090290798290157, 1.0, 0.29420507540007135]
        [0.1681661939491108, 0.16425938159957257, 0.4206574258545418, -0.4527084689929111, 0.29420507540007135, 1.0000000000000016]
    Inverse covariance matrix:
        [6.6224880068927074, -6.080087142016303, 0.11381529755052062, -0.07211811342421574, -0.17860402445470203, -0.14294676889762123]
        [-6.080087142016303, 6.7806067105439745, -0.556171267810441, -0.03400057739598988, 0.03426805387847032, 0.11717023754639745]
        [0.11381529755052136, -0.5561712678104415, 4.2121306353229935, 2.020117810769045, -1.7362453916427218, -0.2743109196464497]
        [-0.07211811342421577, -0.0340005773959897, 2.020117810769045, 2.8106611448069896, 0.08984463349751595, 0.4139125408164214]
        [-0.17860402445470297, 0.03426805387847126, -1.7362453916427223, 0.08984463349751601, 2.39563837821917, 0.09063528356069493]
        [-0.14294676889762126, 0.11717023754639752, -0.27431091964644955, 0.4139125408164215, 0.0906352835606948, 1.2808997808599423]
    Covariance determinant: 0.015587432817090614
Categorized data:
    Category (Al_1):
        Max prediction: 0.013191006201714905
        Attribute list: ['normalized_peak_gamma', 'normalized_avg_gamma', 'alpha_min', 'alpha_max', 'theta_min', 'theta_max']
        Attribute normalized_peak_gamma:
            Mean: 0.3018248341700114
            Variance: 0.002204173530960362
        Attribute normalized_avg_gamma:
            Mean: 0.30194769720077513
            Variance: 0.0009099237920634901
        Attribute alpha_min:
            Mean: 1.5312930551630113
            Variance: 0.004627278680919038
        Attribute alpha_max:
            Mean: 3.099364382033018
            Variance: 0.011150660670075392
        Attribute theta_min:
            Mean: 1.4512298674244168
            Variance: 0.0124152276431564
        Attribute theta_max:
            Mean: 1.7044608863300916
            Variance: 0.07821594655114071
        Covariance matrix:
            [0.9999999999999982, 0.8767103534827723, -0.018960756426374136, 0.010926915465192576, -0.008437360634137981, 0.017342510825383264]
            [0.8767103534827723, 1.0000000000000062, -0.016085490741874958, -0.02119797860132942, -0.03217941279129395, 0.01790635441912355]
            [-0.018960756426374136, -0.016085490741874958, 0.9999999999999986, -0.7166367019219617, 0.05112199316886552, -0.02895215757361767]
            [0.010926915465192576, -0.02119797860132942, -0.7166367019219617, 0.9999999999999984, 0.1426559532539745, -0.06611451832013526]
            [-0.008437360634137981, -0.03217941279129395, 0.05112199316886552, 0.1426559532539745, 1.0, -0.3125373250113494]
            [0.017342510825383264, 0.01790635441912355, -0.02895215757361767, -0.06611451832013526, -0.3125373250113494, 1.0000000000000004]
        Inverse covariance matrix:
            [4.352619156012917, -3.8239710787756493, -0.1336620560056206, -0.218478662336337, -0.062332195413817376, -0.044807517454291595]
            [-3.823971078775649, 4.362436192901497, 0.1749577953974221, 0.2513151439314034, 0.07359846695094703, 0.03288518456315729]
            [-0.13366205600562053, 0.17495779539742204, 2.1742489957593727, 1.6128688714930697, -0.314731402717238, 0.07040311673994014]
            [-0.21847866233633695, 0.25131514393140336, 1.6128688714930697, 2.221302451029402, -0.36884898892955426, 0.07756612950156569]
            [-0.0623321954138174, 0.07359846695094707, -0.31473140271723804, -0.3688489889295543, 1.1747568484808877, 0.33342005310200434]
            [-0.044807517454291595, 0.03288518456315728, 0.07040311673994014, 0.0775661295015657, 0.3334200531020043, 1.1115610020077074]
        Covariance determinant: 0.09340388507503081
    Category (Al_2):
        Max prediction: 0.02613848498825624
        Attribute list: ['normalized_peak_gamma', 'normalized_avg_gamma', 'alpha_min', 'alpha_max', 'theta_min', 'theta_max']
        Attribute normalized_peak_gamma:
            Mean: 0.25316644549599476
            Variance: 0.0198769169125944
        Attribute normalized_avg_gamma:
            Mean: 0.26888824510841436
            Variance: 0.006269064049500694
        Attribute alpha_min:
            Mean: 1.4392251315020144
            Variance: 0.013347626480939333
        Attribute alpha_max:
            Mean: 3.1768005940941126
            Variance: 0.03259109731428897
        Attribute theta_min:
            Mean: 1.364056384097892
            Variance: 0.009705667416627753
        Attribute theta_max:
            Mean: 1.785766521056572
            Variance: 0.013309287830367722
        Covariance matrix:
            [0.9999999999999999, 0.934546602230255, 0.10216121017968964, -0.006443696554834896, 0.05040505799206328, -0.01783301356518406]
            [0.934546602230255, 1.0, 0.10619758382140311, -0.03027799423180122, 0.04053002773897627, -0.017579359229683268]
            [0.10216121017968964, 0.10619758382140311, 1.0, -0.6732171552622264, 0.38948493834732095, -0.3776688452846828]
            [-0.006443696554834896, -0.03027799423180122, -0.6732171552622264, 1.0000000000000007, 0.014363205851009845, 0.02792773272683484]
            [0.05040505799206328, 0.04053002773897627, 0.38948493834732095, 0.014363205851009845, 0.9999999999999999, -0.6954729914619857]
            [-0.01783301356518406, -0.017579359229683268, -0.3776688452846828, 0.02792773272683484, -0.6954729914619857, 0.9999999999999994]
        Inverse covariance matrix:
            [7.9744108835406955, -7.431311020402357, -0.29712780737873107, -0.36834195187297647, -0.08247675518781206, -0.14771922450187594]
            [-7.431311020402357, 7.941912323160714, 0.08337091647240212, 0.24528435175205443, 0.07507111149561811, 0.0839373518864389]
            [-0.2971278073787309, 0.083370916472402, 2.716968737446238, 1.8286026795756052, -0.769745859201243, 0.4358751865533747]
            [-0.3683419518729764, 0.2452843517520544, 1.8286026795756054, 2.2382843123623566, -0.5819732325568898, 0.22109268614882255]
            [-0.08247675518781217, 0.07507111149561824, -0.7697458592012435, -0.58197323255689, 2.1659089849310798, 1.2317242570129097]
            [-0.14771922450187597, 0.08393735188643896, 0.4358751865533744, 0.22109268614882238, 1.2317242570129097, 2.013914100555517]
        Covariance determinant: 0.02378811153789156
    Category (Cu_1):
        Max prediction: inf
        Attribute list: ['normalized_peak_gamma', 'normalized_avg_gamma', 'alpha_min', 'alpha_max', 'theta_min', 'theta_max']
        Attribute normalized_peak_gamma:
            Mean: 0.7749090282894445
            Variance: 0.009465706223903657
        Attribute normalized_avg_gamma:
            Mean: 0.5730070871180574
            Variance: 0.011210471560995054
        Attribute alpha_min:
            Mean: 1.959696063022776
            Variance: 0.007493733888885797
        Attribute alpha_max:
            Mean: 2.246962826030125
            Variance: 0.012825245764501513
        Attribute theta_min:
            Mean: 1.959696063022776
            Variance: 0.0074937338888858
        Attribute theta_max:
            Mean: 2.246962826030125
            Variance: 0.012825245764501513
        Covariance matrix:
            [1.0000000000000004, 0.6675088422133613, 0.03782535786963162, -0.07721188268499377, 0.037825357869631954, -0.07721188268499377]
            [0.6675088422133613, 0.9999999999999998, 0.12195795455600238, -0.1099165165122824, 0.12195795455600249, -0.10991651651228258]
            [0.03782535786963162, 0.12195795455600238, 1.0, -0.8692038834406145, 1.0000000000000002, -0.8692038834406145]
            [-0.07721188268499377, -0.1099165165122824, -0.8692038834406145, 1.0000000000000002, -0.8692038834406147, 1.0000000000000002]
            [0.037825357869631954, 0.12195795455600249, 1.0000000000000002, -0.8692038834406147, 0.9999999999999998, -0.8692038834406147]
            [-0.07721188268499377, -0.10991651651228258, -0.8692038834406145, 1.0000000000000002, -0.8692038834406147, 1.0000000000000002]
        Inverse covariance matrix:
            [1.0000000000000004, 0.6675088422133613, 0.03782535786963162, -0.07721188268499377, 0.037825357869631954, -0.07721188268499377]
            [0.6675088422133613, 0.9999999999999998, 0.12195795455600238, -0.1099165165122824, 0.12195795455600249, -0.10991651651228258]
            [0.03782535786963162, 0.12195795455600238, 1.0, -0.8692038834406145, 1.0000000000000002, -0.8692038834406145]
            [-0.07721188268499377, -0.1099165165122824, -0.8692038834406145, 1.0000000000000002, -0.8692038834406147, 1.0000000000000002]
            [0.037825357869631954, 0.12195795455600249, 1.0000000000000002, -0.8692038834406147, 0.9999999999999998, -0.8692038834406147]
            [-0.07721188268499377, -0.10991651651228258, -0.8692038834406145, 1.0000000000000002, -0.8692038834406147, 1.0000000000000002]
        Covariance determinant: 0.0
    Category (Mg_1):
        Max prediction: 0.018740158825278904
        Attribute list: ['normalized_peak_gamma', 'normalized_avg_gamma', 'alpha_min', 'alpha_max', 'theta_min', 'theta_max']
        Attribute normalized_peak_gamma:
            Mean: 0.1935516647013994
            Variance: 0.007857429999281039
        Attribute normalized_avg_gamma:
            Mean: 0.23012116178928196
            Variance: 0.0022189945239751274
        Attribute alpha_min:
            Mean: 1.2486873188232979
            Variance: 0.013924397141481632
        Attribute alpha_max:
            Mean: 2.6486745910411083
            Variance: 0.014689620119488498
        Attribute theta_min:
            Mean: 1.0981051590083044
            Variance: 0.005917475422070817
        Attribute theta_max:
            Mean: 1.4393829736245118
            Variance: 0.009545361935245354
        Covariance matrix:
            [1.0000000000000009, 0.9181356675790789, 0.1793334703759224, -0.1988624148445834, 0.048906083711625796, -0.25231770353995764]
            [0.9181356675790789, 1.0000000000000004, 0.24061962875933954, -0.12456366471540285, -0.0871839046538243, -0.20193068619433888]
            [0.1793334703759224, 0.24061962875933954, 1.0, -0.4812463696292362, -0.07283149803303417, -0.01506681730726003]
            [-0.1988624148445834, -0.12456366471540285, -0.4812463696292362, 1.0, -0.4808550532712256, 0.29089362308888816]
            [0.048906083711625796, -0.0871839046538243, -0.07283149803303417, -0.4808550532712256, 0.9999999999999998, -0.45461746829826827]
            [-0.25231770353995764, -0.20193068619433888, -0.01506681730726003, 0.29089362308888816, -0.45461746829826827, 1.0000000000000009]
        Inverse covariance matrix:
            [7.351399734255998, -6.86425396800224, 0.5582444896305411, 0.5627877639841483, -0.6355394499158137, 0.024557045099026432]
            [-6.864253968002239, 7.561102554585794, -0.73910489140182, -0.4534921138091004, 0.8630269248201053, 0.3079749508053812]
            [0.5582444896305416, -0.7391048914018206, 1.6268108766106817, 1.0655174752871712, 0.5111672284114357, -0.06144881557495178]
            [0.5627877639841494, -0.4534921138091011, 1.0655174752871712, 2.0556251873699956, 0.9546890977058153, -0.0974686182543367]
            [-0.6355394499158131, 0.8630269248201051, 0.511167228411436, 0.9546890977058158, 1.8733777007370656, 0.5955726847856504]
            [0.02455704509902642, 0.30797495080538123, -0.06144881557495167, -0.09746861825433648, 0.5955726847856506, 1.3665706779402222]
        Covariance determinant: 0.04627796521554308
    Category (Mg_2):
        Max prediction: 0.020975976706159333
        Attribute list: ['normalized_peak_gamma', 'normalized_avg_gamma', 'alpha_min', 'alpha_max', 'theta_min', 'theta_max']
        Attribute normalized_peak_gamma:
            Mean: 0.2131761021522051
            Variance: 0.023002593227822696
        Attribute normalized_avg_gamma:
            Mean: 0.2203902566996892
            Variance: 0.0032195938339507645
        Attribute alpha_min:
            Mean: 1.1939148930201908
            Variance: 0.007052280622645362
        Attribute alpha_max:
            Mean: 3.7714109565946976
            Variance: 0.019787400920166384
        Attribute theta_min:
            Mean: 1.0938912524422055
            Variance: 0.0034896704063231165
        Attribute theta_max:
            Mean: 1.45722471592587
            Variance: 0.007490064699490998
        Covariance matrix:
            [0.9999999999999998, 0.9015682881556889, 0.097078536801075, -0.12763782400250248, -0.06857972923596714, 0.06349378367929265]
            [0.9015682881556889, 0.9999999999999986, 0.07040699126486875, -0.10042672668873706, -0.11945349973073824, 0.05744758777750667]
            [0.097078536801075, 0.07040699126486875, 0.9999999999999998, -0.8319306806048296, -0.061864747701382984, -0.26980086712949247]
            [-0.12763782400250248, -0.10042672668873706, -0.8319306806048296, 0.9999999999999998, 0.21350576841218347, 0.24362254038853884]
            [-0.06857972923596714, -0.11945349973073824, -0.061864747701382984, 0.21350576841218347, 1.0000000000000004, -0.38072930643075]
            [0.06349378367929265, 0.05744758777750667, -0.26980086712949247, 0.24362254038853884, -0.38072930643075, 0.9999999999999998]
        Inverse covariance matrix:
            [5.522211015144806, -4.972910790977133, 0.040216250696273124, 0.4039636656497777, -0.4176913319506737, -0.31153594870807216]
            [-4.972910790977132, 5.500784625148072, -0.034415925919896416, -0.26445586858382214, 0.4576094916205828, 0.22910942264999765]
            [0.040216250696273124, -0.034415925919896305, 3.4067108922560996, 2.9024255771799785, -0.3856790497081254, 0.06462157329180601]
            [0.4039636656497777, -0.26445586858382214, 2.9024255771799785, 3.7103327743881898, -0.7794863592705209, -0.4280738894959413]
            [-0.41769133195067354, 0.4576094916205827, -0.38567904970812544, -0.7794863592705208, 1.4050187196561892, 0.621007949293586]
            [-0.3115359487080722, 0.22910942264999767, 0.06462157329180591, -0.42807388949594133, 0.6210079492935862, 1.3647781432321888]
        Covariance determinant: 0.03693825760630582
    Category (Si_1):
        Max prediction: nan
        Attribute list: ['normalized_peak_gamma', 'normalized_avg_gamma', 'alpha_min', 'alpha_max', 'theta_min', 'theta_max']
        Attribute normalized_peak_gamma:
            Mean: 0.2995187776179317
            Variance: 0.008404592117044017
        Attribute normalized_avg_gamma:
            Mean: 0.29109291993399083
            Variance: 0.003428797808206519
        Attribute alpha_min:
            Mean: 1.9172500264983918
            Variance: 0.01262163710234697
        Attribute alpha_max:
            Mean: 2.2972900083047536
            Variance: 0.02202258970804012
        Attribute theta_min:
            Mean: 1.9172500264983918
            Variance: 0.012621637102346976
        Attribute theta_max:
            Mean: 2.2972900083047536
            Variance: 0.022022589708040118
        Covariance matrix:
            [1.000000000000001, 0.9573447544825966, -0.08422283598198635, 0.06573002510771443, -0.08422283598198649, 0.06573002510771436]
            [0.9573447544825966, 0.9999999999999993, -0.12878033481289203, 0.12307337680082367, -0.12878033481289206, 0.12307337680082371]
            [-0.08422283598198635, -0.12878033481289203, 0.9999999999999994, -0.8224659403723167, 0.9999999999999994, -0.8224659403723167]
            [0.06573002510771443, 0.12307337680082367, -0.8224659403723167, 1.0000000000000009, -0.8224659403723166, 1.0000000000000007]
            [-0.08422283598198649, -0.12878033481289206, 0.9999999999999994, -0.8224659403723166, 0.9999999999999993, -0.8224659403723167]
            [0.06573002510771436, 0.12307337680082371, -0.8224659403723167, 1.0000000000000007, -0.8224659403723167, 1.0000000000000009]
        Inverse covariance matrix:
            [12.392287341267041, -11.94049551134257, 11.533134695089624, 0.18749999999999978, -11.283134695089624, 0.8874787173310313]
            [-11.94049551134257, 12.522980426590918, -10.480168871361405, 0.0, 10.480168871361405, -1.1228752362172933]
            [15.763270611019147, -14.671543301480364, -9007199254740986.0, -2251799813685244.0, 9007199254740992.0, 2251799813685249.0]
            [-2.856265386709762, 2.83032330082785, 0.6412633104559833, 2251799813685247.0, -0.09527495000331891, -2251799813685246.2]
            [-15.624999999999996, 14.624999999999996, 9007199254740990.0, 2251799813685245.5, -9007199254740992.0, -2251799813685248.0]
            [3.6249999999999964, -3.624999999999997, 2.5, -2251799813685245.5, -0.5, 2251799813685248.0]
        Covariance determinant: -1.26475169064603e-33
    Category (Si_2):
        Max prediction: inf
        Attribute list: ['normalized_peak_gamma', 'normalized_avg_gamma', 'alpha_min', 'alpha_max', 'theta_min', 'theta_max']
        Attribute normalized_peak_gamma:
            Mean: 0.269991035323617
            Variance: 0.005668346260215594
        Attribute normalized_avg_gamma:
            Mean: 0.2691697604881344
            Variance: 0.002005511914443714
        Attribute alpha_min:
            Mean: 1.7386824704948927
            Variance: 0.012663634703732975
        Attribute alpha_max:
            Mean: 2.394472133278229
            Variance: 0.01160053036805157
        Attribute theta_min:
            Mean: 1.7386824704948927
            Variance: 0.012663634703732966
        Attribute theta_max:
            Mean: 2.394472133278229
            Variance: 0.011600530368051568
        Covariance matrix:
            [1.0, 0.9509775738354354, 0.010695377135252976, 0.030796723421877538, 0.010695377135253117, 0.030796723421877486]
            [0.9509775738354354, 1.0, -0.031340616587145084, 0.028111970733755424, -0.031340616587144966, 0.028111970733755338]
            [0.010695377135252976, -0.031340616587145084, 0.9999999999999994, -0.56000785351205, 0.9999999999999994, -0.56000785351205]
            [0.030796723421877538, 0.028111970733755424, -0.56000785351205, 0.9999999999999998, -0.56000785351205, 1.0]
            [0.010695377135253117, -0.031340616587144966, 0.9999999999999994, -0.56000785351205, 0.9999999999999997, -0.5600078535120498]
            [0.030796723421877486, 0.028111970733755338, -0.56000785351205, 1.0, -0.5600078535120498, 1.0000000000000002]
        Inverse covariance matrix:
            [1.0, 0.9509775738354354, 0.010695377135252976, 0.030796723421877538, 0.010695377135253117, 0.030796723421877486]
            [0.9509775738354354, 1.0, -0.031340616587145084, 0.028111970733755424, -0.031340616587144966, 0.028111970733755338]
            [0.010695377135252976, -0.031340616587145084, 0.9999999999999994, -0.56000785351205, 0.9999999999999994, -0.56000785351205]
            [0.030796723421877538, 0.028111970733755424, -0.56000785351205, 0.9999999999999998, -0.56000785351205, 1.0]
            [0.010695377135253117, -0.031340616587144966, 0.9999999999999994, -0.56000785351205, 0.9999999999999997, -0.5600078535120498]
            [0.030796723421877486, 0.028111970733755338, -0.56000785351205, 1.0, -0.5600078535120498, 1.0000000000000002]
        Covariance determinant: 0.0

core: Loaded C:/Users/One of seven/OneDrive/NTNU/TFY4900 Master/Data_b/_model_0_Large_L_phase_control
core: Loaded C:/Users/One of seven/OneDrive/NTNU/TFY4900 Master/Data_b/_model_0_Medium_Qprime_control
core: Loaded C:/Users/One of seven/OneDrive/NTNU/TFY4900 Master/Data_b/_model_0_multi_phase_control
statistics: Max theoretical distribution value: 0.030258357954556774
statistics: Calculated maximum: 0.030258357954556774
statistics: Max theoretical distribution value: 0.03918594518520361
statistics: Calculated maximum: 0.03918594518520361
statistics: Max theoretical distribution value: 0.02791550884239814
statistics: Calculated maximum: 0.02791550884239814
statistics: Max theoretical distribution value: 0.034873339021302456
statistics: Calculated maximum: 0.034873339021302456
statistics: Max theoretical distribution value: 0.04332922321699668
statistics: Calculated maximum: 0.04332922321699668
statistics: Max theoretical distribution value: 0.06311265474258769
statistics: Calculated maximum: 0.06311265474258769
statistics: Max theoretical distribution value: 0.04003818803821667
statistics: Calculated maximum: 0.04003818803821667
statistics: Max theoretical distribution value: 0.07948575192432093
statistics: Calculated maximum: 0.07948575192432093
statistics: Max theoretical distribution value: 0.07948575192432093
statistics: Calculated maximum: 0.07948575192432093
statistics: Max theoretical distribution value: 0.05182611912258283
statistics: Calculated maximum: 0.05182611912258283
statistics: Max theoretical distribution value: 0.02188028463145274
statistics: Calculated maximum: 0.02188028463145274
statistics: Max theoretical distribution value: 1281980.580804203
statistics: Calculated maximum: 1281980.580804203
statistics: Max theoretical distribution value: 936451.455234804
statistics: Calculated maximum: 936451.455234804
statistics: Max theoretical distribution value: 0.06664612145608476
statistics: Calculated maximum: 0.06664612145608476
statistics: Max theoretical distribution value: 0.19477404361717002
statistics: Calculated maximum: 0.19477404361717002
statistics: Max theoretical distribution value: nan
statistics: Calculated maximum: nan
statistics: Max theoretical distribution value: 1461372.2841159857
statistics: Calculated maximum: 1461372.2841159857
GUI: Successfully saved model parameters to F:/AACC/test_model_2
GUI_elements: General:
    Number of attributes (k): 5
    Number of data points (n): 5732
    Number of categories: 7
    Category key: advanced_species
    Categories:
        Al_1
        Al_2
        Cu_1
        Mg_1
        Mg_2
        Si_1
        Si_2
    Attributes:
        normalized_peak_gamma ()
        normalized_avg_gamma ()
        alpha_min (radians)
        alpha_max (radians)
        theta_angle_mean (radians)
Uncategorized data:
    Attribute normalized_peak_gamma:
        Mean: 0.29767397232170645
        Variance: 0.00865299960093211
    Attribute normalized_avg_gamma:
        Mean: 0.2966176374964591
        Variance: 0.0031458844836271004
    Attribute alpha_min:
        Mean: 1.5279852364661652
        Variance: 0.02389620234474192
    Attribute alpha_max:
        Mean: 3.0661103999679487
        Variance: 0.09085314322242835
    Attribute theta_angle_mean:
        Mean: 1.587047296771504
        Variance: 0.03264617335268123
    Covariance matrix:
        [1.0000000000000042, 0.9210591105007594, 0.36917314308752724, -0.2639292453280069, 0.3209995348531179]
        [0.9210591105007594, 1.0000000000000024, 0.3979804068742926, -0.2856031136632945, 0.32840407688694545]
        [0.36917314308752724, 0.3979804068742926, 1.0000000000000007, -0.7906995221746738, 0.7886745702770237]
        [-0.2639292453280069, -0.2856031136632945, -0.7906995221746738, 1.0, -0.7407694897430094]
        [0.3209995348531179, 0.32840407688694545, 0.7886745702770237, -0.7407694897430094, 0.9999999999999951]
    Inverse covariance matrix:
        [6.631165656638015, -6.08952307203036, 0.1354342538383669, -0.12511311120025143, -0.32827041565362153]
        [-6.08952307203036, 6.785836991559183, -0.627959317283383, -0.003543114025964948, 0.21886845442160563]
        [0.13543425383836713, -0.6279593172833834, 3.7422899000329877, 1.6612171010972239, -1.558119866998708]
        [-0.12511311120025187, -0.0035431140259643413, 1.6612171010972228, 2.9685210555933352, 0.930154967888873]
        [-0.32827041565362236, 0.21886845442160666, -1.5581198669987086, 0.9301549678888721, 2.951377295487132]
    Covariance determinant: 0.01616300414469351
Categorized data:
    Category (Al_1):
        Max prediction: 0.030258357954556774
        Attribute list: ['normalized_peak_gamma', 'normalized_avg_gamma', 'alpha_min', 'alpha_max', 'theta_angle_mean']
        Attribute normalized_peak_gamma:
            Mean: 0.3018248341700114
            Variance: 0.002204173530960362
        Attribute normalized_avg_gamma:
            Mean: 0.30194769720077513
            Variance: 0.0009099237920634901
        Attribute alpha_min:
            Mean: 1.5312930551630113
            Variance: 0.004627278680919038
        Attribute alpha_max:
            Mean: 3.099364382033018
            Variance: 0.011150660670075392
        Attribute theta_angle_mean:
            Mean: 1.569935657257614
            Variance: 0.0035353898568731856
        Covariance matrix:
            [0.9999999999999982, 0.8767103534827723, -0.018960756426374136, 0.010926915465192576, 0.007284137346058819]
            [0.8767103534827723, 1.0000000000000062, -0.016085490741874958, -0.02119797860132942, 0.00019459843151061195]
            [-0.018960756426374136, -0.016085490741874958, 0.9999999999999986, -0.7166367019219617, 0.014325292267098673]
            [0.010926915465192576, -0.02119797860132942, -0.7166367019219617, 0.9999999999999984, -0.006537740580784839]
            [0.007284137346058819, 0.00019459843151061195, 0.014325292267098673, -0.006537740580784839, 1.0000000000000997]
        Inverse covariance matrix:
            [4.349511157658264, -3.8205357132824025, -0.1455300413080762, -0.23300514429565158, -0.030377533215272194]
            [-3.8205357132824025, 4.358359713706095, 0.1923014318482263, 0.27211536731856883, 0.026005422371789353]
            [-0.1455300413080762, 0.1923014318482263, 2.0651948143596273, 1.485537761455187, -0.0188498195449918]
            [-0.2330051442956515, 0.2721153673185687, 1.485537761455187, 2.072865425544305, -0.006084617945851973]
            [-0.030377533215272194, 0.026005422371789357, -0.01884981954499179, -0.0060846179458519676, 1.0004464630301713]
        Covariance determinant: 0.11153468516456103
    Category (Al_2):
        Max prediction: 0.03918594518520361
        Attribute list: ['normalized_peak_gamma', 'normalized_avg_gamma', 'alpha_min', 'alpha_max', 'theta_angle_mean']
        Attribute normalized_peak_gamma:
            Mean: 0.25316644549599476
            Variance: 0.0198769169125944
        Attribute normalized_avg_gamma:
            Mean: 0.26888824510841436
            Variance: 0.006269064049500694
        Attribute alpha_min:
            Mean: 1.4392251315020144
            Variance: 0.013347626480939333
        Attribute alpha_max:
            Mean: 3.1768005940941126
            Variance: 0.03259109731428897
        Attribute theta_angle_mean:
            Mean: 1.5707963267948966
            Variance: 9.466330862652142e-33
        Covariance matrix:
            [0.9999999999999999, 0.934546602230255, 0.10216121017968964, -0.006443696554834896, -0.11042426356153064]
            [0.934546602230255, 1.0, 0.10619758382140311, -0.03027799423180122, -0.08423995126400086]
            [0.10216121017968964, 0.10619758382140311, 1.0, -0.6732171552622264, -0.056534437744682774]
            [-0.006443696554834896, -0.03027799423180122, -0.6732171552622264, 1.0000000000000007, 0.033170818943628146]
            [-0.11042426356153064, -0.08423995126400086, -0.056534437744682774, 0.033170818943628146, 1.0000000000000007]
        Inverse covariance matrix:
            [8.027511003880445, -7.464782947703947, -0.24866990300313466, -0.3501643837435921, 0.25515586534801504]
            [-7.464782947703947, 7.962397633959147, 0.07600307432705963, 0.24937615465302052, -0.1575163912184718]
            [-0.24866990300313457, 0.07600307432705955, 1.864127147063411, 1.2542439730685913, 0.04272638477022179]
            [-0.3501643837435921, 0.24937615465302052, 1.2542439730685915, 1.8499420081924223, -0.008115322683861807]
            [0.25515586534801504, -0.15751639121847183, 0.042726384770221774, -0.008115322683861814, 1.0175909294441965]
        Covariance determinant: 0.06650281132132987
    Category (Cu_1):
        Max prediction: 0.02791550884239814
        Attribute list: ['normalized_peak_gamma', 'normalized_avg_gamma', 'alpha_min', 'alpha_max', 'theta_angle_mean']
        Attribute normalized_peak_gamma:
            Mean: 0.7749090282894445
            Variance: 0.009465706223903657
        Attribute normalized_avg_gamma:
            Mean: 0.5730070871180574
            Variance: 0.011210471560995054
        Attribute alpha_min:
            Mean: 1.959696063022776
            Variance: 0.007493733888885797
        Attribute alpha_max:
            Mean: 2.246962826030125
            Variance: 0.012825245764501513
        Attribute theta_angle_mean:
            Mean: 2.0943951023931957
            Variance: 1.7474766887807223e-31
        Covariance matrix:
            [1.0000000000000004, 0.6675088422133613, 0.03782535786963162, -0.07721188268499377, -0.006297909943602938]
            [0.6675088422133613, 0.9999999999999998, 0.12195795455600238, -0.1099165165122824, 0.013444335662642333]
            [0.03782535786963162, 0.12195795455600238, 1.0, -0.8692038834406145, 0.041203036438032754]
            [-0.07721188268499377, -0.1099165165122824, -0.8692038834406145, 1.0000000000000002, -0.027373315892874693]
            [-0.006297909943602938, 0.013444335662642333, 0.041203036438032754, -0.027373315892874693, 1.0000000000000002]
        Inverse covariance matrix:
            [1.834041883697064, -1.233085674967041, 0.35136726702026533, 0.3120906668414999, 0.02219420643587509]
            [-1.233085674967041, 1.8442817033248264, -0.3453187532944231, -0.19329091031452253, -0.02362383678219256]
            [0.3513672670202655, -0.3453187532944232, 4.174353939157792, 3.615726961309965, -0.06616616053132357]
            [0.3120906668415, -0.19329091031452272, 3.6157269613099654, 4.144807748182577, -0.03095761113778274]
            [0.022194206435875097, -0.02362383678219256, -0.06616616053132356, -0.03095761113778273, 1.0023362181591156]
        Covariance determinant: 0.1310417128409665
    Category (Mg_1):
        Max prediction: 0.034873339021302456
        Attribute list: ['normalized_peak_gamma', 'normalized_avg_gamma', 'alpha_min', 'alpha_max', 'theta_angle_mean']
        Attribute normalized_peak_gamma:
            Mean: 0.1935516647013994
            Variance: 0.007857429999281039
        Attribute normalized_avg_gamma:
            Mean: 0.23012116178928196
            Variance: 0.0022189945239751274
        Attribute alpha_min:
            Mean: 1.2486873188232979
            Variance: 0.013924397141481632
        Attribute alpha_max:
            Mean: 2.6486745910411083
            Variance: 0.014689620119488498
        Attribute theta_angle_mean:
            Mean: 1.2537078375164865
            Variance: 0.0006091748341721033
        Covariance matrix:
            [1.0000000000000009, 0.9181356675790789, 0.1793334703759224, -0.1988624148445834, -0.0158192056661844]
            [0.9181356675790789, 1.0000000000000004, 0.24061962875933954, -0.12456366471540285, -0.059026097867923136]
            [0.1793334703759224, 0.24061962875933954, 1.0, -0.4812463696292362, 0.2084003012320784]
            [-0.1988624148445834, -0.12456366471540285, -0.4812463696292362, 1.0, -0.4040175253620339]
            [-0.0158192056661844, -0.059026097867923136, 0.2084003012320784, -0.4040175253620339, 0.9999999999999908]
        Inverse covariance matrix:
            [7.094990953286046, -6.587548793713031, 0.7777815869601994, 0.9410280537802571, -0.058498270148394156]
            [-6.58754879371303, 7.195339305267768, -0.9784850359323485, -0.8039913288310584, 0.19959300197440466]
            [0.7777815869601995, -0.9784850359323486, 1.447959275049509, 0.7042977395478395, -0.062658785847654]
            [0.9410280537802578, -0.803991328831059, 0.7042977395478397, 1.6174923358466617, 0.4741492352018424]
            [-0.058498270148394024, 0.1995930019744046, -0.06265878584765398, 0.4741492352018424, 1.2154785104057482]
        Covariance determinant: 0.08396795854182318
    Category (Mg_2):
        Max prediction: 0.04332922321699668
        Attribute list: ['normalized_peak_gamma', 'normalized_avg_gamma', 'alpha_min', 'alpha_max', 'theta_angle_mean']
        Attribute normalized_peak_gamma:
            Mean: 0.2131761021522051
            Variance: 0.023002593227822696
        Attribute normalized_avg_gamma:
            Mean: 0.2203902566996892
            Variance: 0.0032195938339507645
        Attribute alpha_min:
            Mean: 1.1939148930201908
            Variance: 0.007052280622645362
        Attribute alpha_max:
            Mean: 3.7714109565946976
            Variance: 0.019787400920166384
        Attribute theta_angle_mean:
            Mean: 1.2559742781756664
            Variance: 0.0001388130014217914
        Covariance matrix:
            [0.9999999999999998, 0.9015682881556889, 0.097078536801075, -0.12763782400250248, 0.009053019332549114]
            [0.9015682881556889, 0.9999999999999986, 0.07040699126486875, -0.10042672668873706, -0.026737632466272962]
            [0.097078536801075, 0.07040699126486875, 0.9999999999999998, -0.8319306806048296, 0.17031925078614385]
            [-0.12763782400250248, -0.10042672668873706, -0.8319306806048296, 0.9999999999999998, -0.1773260949179166]
            [0.009053019332549114, -0.026737632466272962, 0.17031925078614385, -0.1773260949179166, 1.0]
        Inverse covariance matrix:
            [5.40398757036383, -4.8588205001348035, -0.03665991414822071, 0.14526192094543888, -0.14683314240641665]
            [-4.8588205001348035, 5.381422283617174, 0.07280827086515727, 0.012344875263706088, 0.17766190546424715]
            [-0.03665991414822062, 0.07280827086515726, 3.2553852386376625, 2.697803519011818, -0.07378520828444889]
            [0.14526192094543897, 0.01234487526370606, 2.6978035190118175, 3.28583388236888, 0.12219123054217589]
            [-0.1468331424064167, 0.17766190546424715, -0.07378520828444889, 0.12219123054217587, 1.0403142771477907]
        Covariance determinant: 0.05439247885701196
    Category (Si_1):
        Max prediction: 0.06311265474258769
        Attribute list: ['normalized_peak_gamma', 'normalized_avg_gamma', 'alpha_min', 'alpha_max', 'theta_angle_mean']
        Attribute normalized_peak_gamma:
            Mean: 0.2995187776179317
            Variance: 0.008404592117044017
        Attribute normalized_avg_gamma:
            Mean: 0.29109291993399083
            Variance: 0.003428797808206519
        Attribute alpha_min:
            Mean: 1.9172500264983918
            Variance: 0.01262163710234697
        Attribute alpha_max:
            Mean: 2.2972900083047536
            Variance: 0.02202258970804012
        Attribute theta_angle_mean:
            Mean: 2.094395102393196
            Variance: 6.949488926947009e-31
        Covariance matrix:
            [1.000000000000001, 0.9573447544825966, -0.08422283598198635, 0.06573002510771443, -0.0053216691148008175]
            [0.9573447544825966, 0.9999999999999993, -0.12878033481289203, 0.12307337680082367, -0.009112929327711367]
            [-0.08422283598198635, -0.12878033481289203, 0.9999999999999994, -0.8224659403723167, 0.021662403255484162]
            [0.06573002510771443, 0.12307337680082367, -0.8224659403723167, 1.0000000000000009, -0.01848127724010081]
            [-0.0053216691148008175, -0.009112929327711367, 0.021662403255484162, -0.01848127724010081, 0.9999999999999968]
        Inverse covariance matrix:
            [12.393289866840785, -11.94166418705454, 0.13889711148780395, 0.7687424853725637, -0.03167205611840565]
            [-11.941664187054538, 12.52434278876453, -0.047273632855872896, -0.7946858759070461, 0.03692111573331679]
            [0.13889711148780393, -0.04727363285587304, 3.1000319061413815, 2.5459932798915283, -0.019792570405533033]
            [0.7687424853725635, -0.7946858759070461, 2.545993279891528, 3.1412633722695484, -0.0002486969309044296]
            [-0.03167205611840566, 0.03692111573331679, -0.019792570405533047, -0.0002486969309044405, 1.0005920697201922]
        Covariance determinant: 0.025637032925682906
    Category (Si_2):
        Max prediction: 0.04003818803821667
        Attribute list: ['normalized_peak_gamma', 'normalized_avg_gamma', 'alpha_min', 'alpha_max', 'theta_angle_mean']
        Attribute normalized_peak_gamma:
            Mean: 0.269991035323617
            Variance: 0.005668346260215594
        Attribute normalized_avg_gamma:
            Mean: 0.2691697604881344
            Variance: 0.002005511914443714
        Attribute alpha_min:
            Mean: 1.7386824704948927
            Variance: 0.012663634703732975
        Attribute alpha_max:
            Mean: 2.394472133278229
            Variance: 0.01160053036805157
        Attribute theta_angle_mean:
            Mean: 2.094395102393196
            Variance: 7.20415620797424e-31
        Covariance matrix:
            [1.0, 0.9509775738354354, 0.010695377135252976, 0.030796723421877538, -0.012156163855084095]
            [0.9509775738354354, 1.0, -0.031340616587145084, 0.028111970733755424, -0.0099422384548499]
            [0.010695377135252976, -0.031340616587145084, 0.9999999999999994, -0.56000785351205, 0.012382473929212408]
            [0.030796723421877538, 0.028111970733755424, -0.56000785351205, 0.9999999999999998, 0.0016886048696420773]
            [-0.012156163855084095, -0.0099422384548499, 0.012382473929212408, 0.0016886048696420773, 0.9999999999999988]
        Inverse covariance matrix:
            [10.758902878300391, -10.240346519946774, -0.6714176160132214, -0.4195259348785784, 0.037997243990427094]
            [-10.240346519946774, 10.748023604454627, 0.6616207116595604, 0.38377847711005963, -0.026464468053933328]
            [-0.6714176160132214, 0.6616207116595603, 1.4996811072806657, 0.8419476306210855, -0.021575350755545456]
            [-0.4195259348785785, 0.3837784771100597, 0.8419476306210856, 1.4736525151078375, -0.01419802027167313]
            [0.037997243990427094, -0.026464468053933328, -0.02157535075554546, -0.01419802027167313, 1.0004899157364318]
        Covariance determinant: 0.06370181821868455

GUI: Opening file C:/Users/One of seven/OneDrive/NTNU/TFY4900 Master/Data_b/0_Small_L_control
